514.309998
506.309998
501.149994
502.820007
495.200012
494.579987
495.959991
483.600006
488.5
475.200012
478.559998
456.970001
461.109985
447.100006
444.940002
454.019989
487.230011
496.470001
494.630005
471.140015
452
467.75
462.579987
469.339996
460.950012
467.950012
459.470001
466.410004
462.920013
460.609985
462.700012
470.079987
477.029999
478.470001
479.149994
481.26001
484.279999
486
492.25
495.279999
483.73999
476.869995
475.910004
486.420013
482.640015
489.899994
495.359985
502.950012
498.390015
504.170013
496.910004
499.859985
498.950012
502.109985
497.450012
500.119995
485.339996
485.690002
466.309998
477.73999
485.100006
474.23999
471.649994
472.049988
463.269989
458.079987
456.5
469.730011
472.019989
472.440002
473.440002
476.279999
460
465.670013
458.769989
470
484.929993
481.920013
489.380005
492.119995
493.76001
496.049988
492.670013
496.619995
498.839996
501.640015
491.230011
488.369995
479.119995
467.329987
467.799988
476.619995
459.160004
459.670013
469.570007
466.589996
448.450012
439.059998
440.829987
421.200012
439.179993
437.01001
451.059998
444.299988
447.589996
450.540009
451.01001
439.179993
441.5
452.410004
460.200012
451.51001
450.98999
469.089996
469.320007
465.459991
475.369995
483.339996
491.619995
491.339996
493.410004
499.839996
504.040009
506.029999
514.859985
510.630005
523.25
525.080017
516.169983
514.210022
512.340027
507.290009
515.840027
515.700012
517.320007
515.47998
516.090027
508.339996
503.459991
490.700012
486.690002
483.609985
488.730011
479.380005
485.190002
472.089996
474.160004
486.559998
482.73999
480.619995
480.470001
491.670013
488.070007
497.829987
505.079987
506.980011
498.279999
504.579987
495.910004
495.769989
493.140015
504.5
509.470001
509.200012
514.679993
535.52002
541.26001
556.950012
548.460022
543.330017
551.359985
565.590027
567.349976
575.73999
574.22998
578.26001
579.659973
588.799988
590.75
585.640015
584.72998
593.070007
596.900024
605.77002
605.950012
604.5
600.200012
605.01001
608.830017
606.169983
606.099976
602.049988
608.719971
612.26001
623.679993
625.869995
620.799988
618.280029
620.919983
621.700012
621.630005
618.75
621.280029
625.679993
632.080017
631.380005
629.219971
621.73999
626.030029
634.349976
637.309998
636.940002
635.01001
626.77002
637.659973
647.340027
656.859985
657.23999
656.799988
652.390015
658.52002
665.98999
663.700012
665.890015
664.640015
666.590027
661.390015
663.219971
661.679993
658.940002
645.150024
645.01001
661.080017
665.109985
654.47998
641.289978
645.890015
626.080017
630.840027
622.710022
603.650024
578.77002
577.700012
575.719971
577.469971
558.48999
566.700012
570.309998
578.960022
576.859985
573.070007
580.690002
584.60498
