411.76001
408.5
408.089996
441.609985
486.640015
499.269989
489.609985
521.849976
555.380005
574
585.76001
567.599976
584.76001
568.820007
593.380005
599.039978
641.76001
649.880005
604.47998
627.070007
609.98999
639.830017
633.25
622.77002
655.900024
695
649.859985
640.340027
645.97998
661.77002
663.690002
665.98999
694.780029
705.669983
729.77002
735.109985
755.97998
816.039978
880.02002
811.190002
849.440002
854.409973
845
826.159973
844.549988
850.450012
844.98999
846.640015
880.799988
883.090027
864.159973
835.429993
793.530029
839.809998
872.789978
854.690002
849.98999
852.22998
863.419983
849.460022
804.820007
811.659973
816.119995
796.219971
798.150024
787.380005
781.299988
714.5
698.840027
742.02002
682.219971
675.5
718.429993
686.440002
653.200012
621.440002
597.950012
563
673.580017
668.059998
699.599976
693.72998
707.940002
676.880005
701.809998
653.159973
654.869995
670
662.159973
630.27002
640.390015
618.710022
611.289978
635.619995
667.929993
661.75
691.049988
691.619995
670.969971
683.799988
677.02002
701.97998
762.320007
732.22998
738.849976
739.780029
714.630005
718.98999
744.119995
719.690002
729.400024
738.200012
704.73999
694.400024
677
709.440002
684.900024
673.599976
670.940002
663.539978
672.369995
629.039978
617.200012
589.890015
571.690002
589.73999
576.830017
577.869995
563.460022
586.780029
580.880005
606.440002
604.690002
619.130005
630.849976
625.219971
623.900024
605.119995
572.840027
599.049988
605.130005
603.590027
598.780029
610.119995
609.890015
617.690002
599.359985
604.869995
616.599976
623.309998
620.830017
623.710022
656.570007
679.820007
671.869995
688.719971
680.76001
679.700012
677.919983
678.900024
659.580017
644.650024
652.809998
656.950012
685.700012
668.539978
653.380005
650.599976
644.219971
646.219971
660.5
655.289978
649.26001
643.380005
657.619995
644.780029
646.97998
677.349976
687.200012
709.669983
709.73999
710.919983
714.630005
699.099976
713.76001
709.98999
707.820007
722.25
717.169983
686.169983
665.710022
688.98999
673.469971
680.26001
706.299988
708.48999
711.200012
701.159973
711.919983
730.909973
735.719971
734.090027
732.390015
733.570007
752.919983
753.869995
754.859985
736.27002
743
744.48999
755.830017
756.98999
759.48999
730.169983
739.380005
751.940002
753.640015
774.390015
791.359985
777.559998
781.309998
775.47998
775.219971
781.530029
780.590027
782.75
793.609985
785.48999
791.940002
805.719971
811.080017
818.320007
843.030029
870.109985
864.27002
865.799988
894
909.679993
1024.859985
1018.429993
1037.859985
1077.040039
1114
1208.589966
1172
1213.859985
1229.910034
1222.089966
1162.939941
1023.5
1067.949951
1063.51001
