128.453461
130.041611
125.664223
129.952271
131.073929
128.026611
127.847954
129.922501
127.957123
126.200226
126.885124
131.054077
135.858292
138.042023
141.863571
142.101807
141.009933
136.076675
130.984604
133.148483
133.992203
132.949951
136.374451
135.951965
136.101089
135.20639
134.590073
134.331604
134.570175
132.403076
130.066925
128.943634
129.102676
125.255547
125.116371
124.609383
120.275146
120.543556
127.034973
124.380745
121.338821
119.420227
120.702599
115.672493
120.37455
119.271118
121.23941
120.314911
123.257416
124.828087
124.022865
119.817863
119.281052
122.660965
121.815987
119.380455
119.877502
120.493843
120.672783
119.191589
121.428291
122.27327
125.156143
125.464302
127.144325
129.589767
132.214188
130.464584
133.635727
131.249908
133.705322
133.36734
134.043304
132.323532
132.711227
131.160461
133.526398
133.924026
133.595963
132.790741
132.691345
130.683289
131.756882
127.094604
127.34314
128.97345
129.660538
126.314705
125.378685
122.25193
124.44265
126.912178
125.737152
124.323158
124.163826
126.772766
124.900703
126.563652
126.364502
126.314705
124.751335
124.08416
123.755547
124.532265
123.018684
125.358765
125.368729
126.205177
126.593529
125.577843
126.812592
129.929382
129.092941
129.600784
131.233856
129.909485
131.741714
133.414612
133.135803
132.847031
132.548294
134.211243
135.7547
136.38205
136.69075
139.3694
141.420715
143.959946
142.635544
144.49765
143.890228
145.025421
148.520599
147.853439
145.772247
141.848892
145.533264
144.786438
146.180527
147.933105
148.361298
146.15065
144.36821
145.025421
145.244492
144.90593
146.738159
146.329895
146.439423
145.741333
145.691467
145.20282
145.462112
148.483841
148.693268
150.707748
149.780304
145.960739
146.29982
147.785751
149.30162
149.211838
147.955276
147.137527
148.194641
152.702286
151.415817
152.093964
153.23085
153.879089
156.262573
154.686874
153.649719
148.563614
149.142044
147.715927
148.623459
148.384094
145.66156
142.550064
143.038727
145.452133
146.429459
146.519211
144.97345
141.522888
142.440369
141.113998
142.260849
138.760437
140.725067
141.61264
142.899109
142.510162
142.420425
141.123962
140.525604
143.367828
144.444885
146.150223
148.354187
148.852829
149.072235
148.284393
148.234528
148.912674
148.443954
152.153809
149.391357
148.55365
149.610764
151.076752
150.548187
151.087509
150.248581
150.618103
147.731781
147.681839
149.799149
149.809128
150.807861
153.294693
157.669113
160.345718
160.815109
161.20462
161.733948
156.610474
160.036102
165.089676
164.560349
163.55162
161.634064
165.10965
170.962173
174.857224
174.337875
179.221664
175.516388
174.108185
179.071854
172.040802
170.922241
169.533997
172.769882
175.416504
176.055695
180.10054
179.061859
179.151749
177.973251
177.344055
