9.9
10
10
9.95
9.89
9.47
9.34
9.91
9.71
9.57
9.27
9.2
9.68
9.49
9.95
10.95
10.85
10.75
10.13
10.54
10.5
10.72
11.88
13.83
14.67
14
15.96
14.58
15.8
15.93
17.85
17.9
18.98
18.15
21.040001
23.82
29.049999
27.66
27.110001
25.67
22.51
24.030001
23.85
28.940001
28.59
26.629999
27.040001
27.200001
27.24
26.43
25.92
27.23
25.969999
28.51
28.040001
28.690001
27.75
25.629999
24.66
25.1
23.549999
23.370001
24.6
23.540001
25
25.200001
25.93
26.18
25.5
24.92
25.639999
26.620001
26.34
25.98
32.580002
36.23
35.369999
39
35.66
35.18
33.959999
31.02
31.76
32.049999
34.049999
36.049999
38.169998
35.700001
33.110001
31.91
27.84
27.08
25.17
29
28
26.75
26.389999
23.959999
23.9
24.809999
24.48
23.59
24.73
23.950001
22.52
24.26
24.75
26.73
26.92
26.790001
25.610001
25.209999
23.98
24.32
24.219999
23.26
21.879999
22.58
22.58
21.73
22.040001
23.290001
23.07
23.440001
23.27
22.9
23.41
24.040001
23.34
25.42
23.700001
23.15
22.469999
21.940001
21.780001
22.629999
22.860001
23.41
24.110001
23.879999
23.85
23.370001
23.040001
22.299999
21.639999
21.15
20.09
19.75
18.469999
20.209999
18.889999
18.370001
20.08
20.459999
21.24
20.67
20.610001
20.75
21.219999
21.48
22.120001
22.700001
22.950001
23.059999
24.450001
23.629999
24.030001
24.459999
24.379999
24.17
24.139999
24.67
25
24.41
24.799999
25.450001
25.370001
25.42
25.4
26.27
26.530001
26.780001
27.379999
26.629999
26.360001
24.719999
24.440001
24.68
22.889999
23.08
23.290001
22.950001
22.450001
21.559999
21.469999
21.370001
21.540001
22.18
22.52
22.07
21.809999
22.129999
21.68
22.559999
22.18
21.709999
22.1
22.24
22.299999
22.52
21.82
22.93
22.92
22.35
24.889999
24.9
24.5
23.969999
25.280001
24.16
24.01
24.82
25.1
24.35
24.870001
25.709999
25.76
26.34
26.200001
26.51
26.639999
26.700001
25.58
26.129999
26.280001
25.83
26.26
27.08
28.629999
28.709999
26.549999
26.620001
27.43
28.77
28.559999
27.469999
25.34
24.52
24.040001
24.33
23.17
23.209999
23.790001
