128.453445
130.041611
125.664215
129.952286
131.073929
128.026611
127.847969
129.922501
127.957153
126.200218
126.885124
131.054077
135.858307
138.042038
141.863586
142.101822
141.009933
136.076675
130.984604
133.148483
133.992188
132.949966
136.374466
135.95195
136.101089
135.206406
134.590057
134.331619
134.570175
132.403061
130.06694
128.943619
129.102676
125.255547
125.116379
124.609383
120.275146
120.543549
127.034973
124.380737
121.338829
119.420227
120.702599
115.672501
120.37455
119.271118
121.23941
120.314903
123.257423
124.828079
124.022873
119.817856
119.281052
122.660965
121.815987
119.380455
119.877495
120.493843
120.672783
119.191589
121.428291
122.27327
125.156136
125.464302
127.144318
129.589783
132.214172
130.4646
133.635727
131.249908
133.705307
133.36734
134.04332
132.323547
132.711227
131.160461
133.526382
133.924026
133.595963
132.790771
132.691345
130.683304
131.756882
127.094612
127.34314
128.97345
129.660538
126.314713
125.378685
122.25193
124.44265
126.91217
125.737152
124.323151
124.163826
126.772774
124.900703
126.56366
126.364502
126.314713
124.751335
124.084167
123.755562
124.532265
123.018684
125.358765
125.368721
126.205177
126.593529
125.577835
126.812599
129.929382
129.092926
129.600784
131.233856
129.909485
131.741714
133.414612
133.135818
132.847031
132.548309
134.211243
135.7547
136.382065
136.69075
139.3694
141.4207
143.959946
142.635544
144.497665
143.890228
145.025421
148.520599
147.853439
145.772247
141.848877
145.533264
144.786423
146.180511
147.93309
148.361282
146.15065
144.368195
145.025421
145.244492
144.905945
146.738159
146.329895
146.439438
145.741333
145.691467
145.20282
145.462097
148.483841
148.693283
150.707748
149.780304
145.960739
146.299805
147.785751
149.30162
149.211838
147.955276
147.137512
148.194641
152.702301
151.415817
152.093964
153.23085
153.879089
156.262573
154.686874
153.649719
148.563614
149.142044
147.715927
148.623444
148.384094
145.66156
142.550079
143.038727
145.452133
146.429474
146.519211
144.973434
141.522873
142.440384
141.113998
142.260864
138.760437
140.725067
141.61264
142.899109
142.510178
142.420425
141.123978
140.52562
143.367828
144.444885
146.150223
148.354187
148.852829
149.07222
148.284393
148.234528
148.912674
148.443954
152.153809
149.391357
148.55365
149.610764
151.076767
150.548203
151.087509
150.248581
150.618103
147.731781
147.681839
149.799149
149.809128
150.807861
153.294693
157.669113
160.345718
160.815109
161.20462
161.733948
156.610474
160.036102
165.089676
164.560349
163.55162
161.634064
165.10965
170.962173
174.857224
174.337875
179.221664
175.516388
174.108185
179.071854
172.040802
170.922241
169.533997
172.769882
175.416504
176.055695
180.10054
179.061859
179.151749
177.973251
177.344055
