74.333511
73.61084
74.197395
73.848442
75.036385
76.630219
76.803459
78.444321
77.385063
77.053429
78.018631
78.88237
78.347801
78.627464
79.006119
78.778435
76.461929
78.624992
80.27079
80.154472
76.600517
76.39016
78.912079
79.55555
80.486107
79.39209
79.769165
79.287888
81.170799
80.592773
80.612625
79.136566
80.282684
79.459068
77.660507
73.971603
71.466019
72.599739
67.854019
67.814331
74.127892
71.773636
75.102829
72.666725
71.701706
66.030655
70.786301
68.327858
61.580158
68.95797
60.086731
62.728752
61.193157
60.724293
56.869179
55.661041
61.245258
60.907871
64.113029
61.458603
63.212502
63.083504
59.76424
60.761501
59.888275
65.11277
64.358627
66.005852
66.482155
67.787041
71.210495
70.560539
71.121201
70.156174
68.699974
66.576424
68.494064
68.228622
70.198349
70.247971
69.109299
71.379196
72.885025
71.711632
72.726265
73.817802
74.579391
75.350914
77.144394
78.358284
77.462791
76.527496
76.997635
76.542412
78.345848
77.893127
79.408005
78.815979
79.323433
78.786133
79.129402
79.16423
79.08712
80.059723
80.430351
80.873131
80.176636
82.460152
82.947685
85.567009
87.76844
83.554642
84.276009
85.31826
87.579391
87.457504
87.492332
86.992348
89.268394
91.173805
89.564407
90.753426
87.964951
89.992256
90.743469
90.571838
90.571838
92.994652
92.706093
94.865234
95.273193
95.439842
94.999557
96.571655
97.235809
96.03933
95.845299
97.865143
96.514442
96.785568
92.380234
92.151382
94.335396
92.785706
94.564247
95.708496
105.728088
108.392181
109.116043
109.511551
113.332329
110.755638
112.365448
109.023705
112.647041
114.64061
114.538445
114.239403
115.191338
115.335869
117.895126
123.970551
125.45327
124.424088
126.116135
124.608498
124.406647
128.625549
133.749039
130.977966
120.491753
120.571503
112.457649
116.943192
113.125496
111.640282
114.989487
115.168915
111.769859
109.985611
106.496849
109.726448
111.450882
106.775963
107.872421
111.919373
114.590767
113.723564
115.438042
116.414894
112.657005
116.125824
112.796555
114.710388
114.600739
116.594315
124.000458
120.711044
120.800766
120.322304
118.637726
115.607498
117.132591
116.494644
115.378235
114.670517
114.680489
116.22551
110.84285
114.949615
108.510361
108.420654
110.085289
114.580803
118.647697
118.512909
116.146439
115.796967
119.311707
119.032127
119.082054
120.120506
119.211861
117.853889
118.462982
117.164917
113.680122
114.998154
115.856873
116.416031
118.872368
122.536896
122.896355
122.756569
122.067596
123.565353
124.194412
121.598289
123.056114
122.227356
121.598289
127.689186
127.619293
128.507965
126.471016
128.038666
131.683228
130.764603
131.773087
136.486053
134.668762
133.520477
132.49202
