216.404282
209.091354
214.581009
213.481094
214.541367
215.254822
212.51001
209.708344
211.039627
209.022827
208.744644
212.470261
212.480209
213.83136
212.678894
214.805008
213.970459
212.847809
212.967026
212.897461
214.606293
210.42366
209.151978
211.874146
212.80806
212.73851
217.855042
217.994141
217.169525
221.143539
222.484772
219.583755
221.30249
223.498138
222.69339
220.239426
220.97464
216.275375
216.484024
210.870728
216.871475
218.192841
216.076675
213.53331
214.934158
211.635727
211.268127
215.033493
222.882156
223.508072
224.481689
228.038437
230.820251
231.386536
237.37735
230.452652
238.092667
237.953583
241.420914
240.437347
240.626099
240.894363
242.185913
241.242081
242.90123
243.39798
242.116348
243.17189
242.763611
239.95549
233.522675
232.287903
233.562515
228.025925
231.401657
235.942459
232.885376
226.601944
225.775436
230.624939
226.432663
232.795746
231.441483
236.131653
234.757462
233.821411
236.709213
236.042023
229.748642
229.380203
234.99646
236.579773
234.468689
231.361816
235.484375
234.249619
230.873886
234.777374
241.329681
248.021393
246.816467
248.847885
252.183777
254.772842
254.832581
257.401733
254.513931
258.407471
259.642242
257.650665
257.172699
259.48291
256.08728
260.050507
260.448822
260.867096
253.488266
251.446899
251.118271
250.799637
246.746765
245.432327
248.678604
251.39711
246.139328
245.193329
237.99379
242.006805
247.105255
244.147751
242.05661
242.655457
246.009033
244.701538
250.300827
251.239029
251.009476
248.833633
249.202911
246.927277
246.827469
245.240524
250.310791
253.325027
252.087418
253.105453
256.748474
257.397247
259.393433
257.866333
256.888214
260.401489
258.934296
262.128174
265.002686
264.763123
266.18042
264.513611
268.206543
270.881409
270.382385
271.081055
277.119476
277.129456
279.395111
276.889923
277.408936
276.790131
280.443115
281.970215
280.493011
280.213562
276.480713
278.786285
280.862305
285.593262
289.116516
288.497681
285.992493
285.673096
285.952576
284.365601
284.275787
286.571381
285.962555
288.966797
288.906921
287.779053
285.8927
286.401733
289.256256
292.290436
294.037109
292.519989
290.730011
296.769989
304.359985
304.649994
302.619995
302.01001
299.089996
299.720001
303.589996
301.880005
301.829987
301.149994
301.140015
300.179993
300.209991
297.25
295.709991
296.98999
299.790009
304.820007
305.220001
299.869995
294.299988
294.799988
298.579987
299.559998
299.350006
294.170013
283.519989
284
281.920013
289.100006
283.109985
288.76001
293.109985
294.850006
294.850006
294.230011
292.880005
296.309998
302.75
304.209991
307.290009
308.230011
307.410004
310.76001
309.160004
308.130005
310.109985
323.170013
324.350006
331.619995
329.369995
333.130005
334
336.440002
336.059998
337.109985
