290.269989
291.72000099999997
293.540009
294.52999900000003
297.5
297.160004
300.600006
300.100006
298.799988
299.299988
305.27999900000003
307.899994
309.059998
309.52999900000003
302.75
303.910004
302.51001
303.02999900000003
306.230011
307.049988
304.170013
303.73999
305.959991
317.940002
323.799988
322.850006
324.380005
327.630005
327.609985
328.950012
329.640015
331.200012
330.790009
328.339996
329.809998
334.429993
331.809998
333.709991
333.390015
337.869995
340.450012
339.809998
345.630005
344.630005
342.940002
345.380005
349.73999
350.0
350.059998
351.76001
351.369995
346.899994
354.630005
351.660004
356.73999
351.140015
358.0
366.73999
365.549988
367.459991
366.089996
370.0
369.27999900000003
374.290009
374.839996
379.670013
378.850006
383.27999900000003
378.959991
372.950012
357.410004
347.799988
351.339996
337.519989
345.119995
360.27999900000003
348.339996
363.850006
351.02999900000003
336.769989
305.790009
332.380005
315.230011
285.0
335.5
286.02999900000003
311.809998
294.609985
307.51001
295.339996
307.269989
310.0
305.910004
322.670013
305.829987
318.390015
318.23999
301.209991
303.959991
293.609985
319.130005
308.929993
317.179993
318.700012
320.649994
340.769989
332.549988
342.700012
344.109985
344.880005
328.98999
336.769989
335.369995
344.100006
348.5
333.450012
349.170013
353.640015
343.839996
349.109985
356.130005
362.519989
366.77999900000003
367.51001
371.420013
365.100006
358.559998
355.390015
365.299988
367.97000099999997
372.200012
383.630005
382.170013
385.26001
376.630005
375.170013
379.829987
386.600006
389.679993
390.440002
389.920013
385.799988
392.899994
397.77999900000003
397.160004
406.820007
387.670013
406.540009
401.339996
411.670013
413.48999
420.459991
428.01000999999997
438.64001500000006
440.549988
431.67999299999997
436.950012
426.920013
424.200012
435.30999800000006
439.80999800000006
442.950012
452.589996
449.35998499999994
457.67999299999997
460.839996
466.200012
442.47000099999997
433.77999900000003
433.01000999999997
426.290009
432.420013
455.26998899999995
444.27999900000003
445.049988
431.73999000000003
430.30999800000006
437.10000599999995
432.26000999999997
436.299988
438.880005
444.32000700000003
447.97000099999997
446.920013
449.51000999999997
464.10998499999994
449.57000700000003
443.290009
435.23001100000005
445.35998499999994
450.01998899999995
447.60000599999995
451.579987
463.51000999999997
462.01000999999997
478.48001100000005
473.22000099999997
476.299988
484.42999299999997
528.48999
510.32000700000003
516.4400019999999
513.3900150000001
527.950012
533.799988
507.799988
491.94000199999994
462.130005
479.459991
476.26000999999997
471.35000599999995
485.910004
497.670013
476.0
474.299988
467.549988
475.64001500000006
486.77999900000003
470.39001500000006
467.670013
479.77999900000003
488.51000999999997
489.329987
490.42999299999997
499.51000999999997
478.98999000000003
486.47000099999997
478.98001100000005
493.14999400000005
490.839996
502.160004
510.89001500000006
514.3099980000001
506.30999800000006
501.14999400000005
502.82000700000003
495.200012
494.579987
495.959991
483.60000599999995
488.5
475.200012
478.55999800000006
456.97000099999997
461.10998499999994
447.10000599999995
444.94000199999994
454.01998899999995
487.23001100000005
496.47000099999997
494.630005
471.14001500000006
452.0
