41.518932
40.492924
40.062981
40.199783
39.975037
39.212864
39.603725
40.014126
40.600414
41.079216
41.518932
41.421215
41.47007
41.812077
42.134533
41.577557
42.994419
42.896709
43.551392
43.170307
43.150761
42.222473
41.909786
41.968418
43.199619
43.834766
43.355961
44.020424
44.020424
43.658882
43.463451
43.053051
43.424366
43.824993
43.678421
43.473221
42.671959
42.523693
43.176079
43.986618
44.164543
44.698315
44.559929
43.976734
43.037693
43.373772
43.690079
44.253506
44.88612
44.797157
45.261738
46.358932
46.902588
46.447895
46.655472
46.042625
46.111816
49.630745
50.668629
50.352322
50.737823
50.737823
50.4314
50.243595
50.718056
49.314434
47.821857
47.970123
48.197472
48.632397
48.286434
48.79055
49.630745
49.858089
50.757591
51.30125
50.105206
49.304554
48.879513
46.971779
44.747734
45.963547
45.963547
44.233734
43.027809
42.256809
43.057465
43.630772
43.274925
41.713154
41.297997
42.454502
43.551697
42.701618
42.108536
42.424847
42.84
42.5
41.689999
37.759998
35.84
33.139999
31.85
33.459999
33.060001
31.83
32.459999
27.870001
27.15
21.74
24.02
21.75
14.97
17.58
14.57
12.71
9.3
10
12
12
13.68
15.55
17.82
14.41
12.8
13.17
8.8
7.97
8.49
10.21
11.3
11.99
12.42
11.5
12.51
12.38
11.85
12.56
12.22
11.84
11.64
12.17
11.91
12.98
14.46
16.690001
15.9
13.93
14.34
13.09
12.82
13.53
14.21
13.85
13.19
12.26
12.27
12.78
14.72
14.11
14.15
14.6
14.46
16.280001
17.24
15.93
15.74
16.799999
16.870001
17.25
18.48
21.51
24.91
23.040001
20.59
17.440001
19.98
19.440001
20.42
19.09
18.82
17.83
17.23
18
16
16
15.78
16.780001
16.42
16.360001
15.88
15.61
14.57
15.32
14.58
16.16
15.28
15.04
17.48
15.78
15.47
15
15.19
15.14
14.8
14.8
13.75
14.33
14.65
14.34
13.88
13.07
13.74
14.02
13.78
14.22
15.44
15.82
15.19
15.22
15.47
14.68
14.41
14.6
14.54
14.65
16.139999
15.89
15.28
16.120001
17.209999
16.48
16.51
16.709999
17.58
18.530001
18.290001
17.66
17.879999
17.690001
17.85
15.93
16.459999
16.24
15.31
14.29
14.41
14.13
13.74
15.07
15.31
15.07