1205.099976
1176.630005
1187.829956
1209
1207.680054
1189.130005
1202.310059
1208.670044
1215.449951
1217.140015
1243.01001
1243.640015
1253.069946
1245.48999
1246.150024
1242.800049
1259.130005
1260.98999
1265.130005
1290
1262.619995
1261.290039
1260.109985
1273.73999
1291.369995
1292.030029
1291.800049
1308.859985
1311.369995
1299.189941
1298.800049
1298
1311.459961
1334.869995
1320.699951
1315.459961
1303.050049
1301.349976
1295.339966
1306.689941
1313.550049
1312.98999
1304.959961
1289.920044
1295.280029
1320.540039
1328.130005
1340.619995
1343.560059
1344.660034
1345.02002
1350.27002
1347.829956
1361.170044
1355.119995
1352.619995
1356.040039
1349.589966
1348.839966
1343.560059
1360.400024
1351.890015
1336.140015
1337.02002
1367.369995
1360.660034
1394.209961
1393.339966
1404.319946
1419.829956
1429.72998
1439.22998
1430.880005
1439.199951
1451.699951
1480.390015
1484.400024
1485.949951
1486.650024
1466.709961
1433.900024
1452.560059
1458.630005
1455.839966
1434.22998
1485.939941
1447.069946
1448.22998
1476.22998
1479.22998
1508.680054
1508.790039
1518.27002
1514.660034
1520.73999
1519.670044
1526.689941
1518.150024
1485.109985
1421.589966
1388.449951
1393.180054
1318.089966
1339.329956
1389.109985
1341.390015
1386.52002
1319.040039
1298.410034
1215.560059
1280.390015
1215.410034
1114.910034
1219.72998
1084.329956
1119.800049
1096.800049
1115.290039
1072.319946
1056.619995
1134.459961
1102.48999
1161.75
1110.709961
1146.819946
1162.810059
1105.619995
1120.839966
1097.880005
1186.920044
1186.51001
1210.280029
1211.449951
1217.560059
1269.22998
1262.469971
1263.469971
1283.25
1266.609985
1216.339966
1263.209961
1276.310059
1279.310059
1275.880005
1233.670044
1341.47998
1348.660034
1320.609985
1326.800049
1351.109985
1347.300049
1372.560059
1388.369995
1403.26001
1375.73999
1349.329956
1356.130005
1373.189941
1383.939941
1373.484985
1406.719971
1402.800049
1410.420044
1417.02002
1417.839966
1416.72998
1428.920044
1431.819946
1439.219971
1436.380005
1412.180054
1438.390015
1446.609985
1456.160034
1465.849976
1403.839966
1413.180054
1419.849976
1442.719971
1451.119995
1435.959961
1431.719971
1451.859985
1464.410034
1431.969971
1441.329956
1359.900024
1394.969971
1413.609985
1438.040039
1464.699951
1495.699951
1485.180054
1496
1510.98999
1541.73999
1511.339966
1520.579956
1513.640015
1518
1515.550049
1565.719971
1558.420044
1568.48999
1515.680054
1511.869995
1530.199951
1500.339966
1522.02002
1531.449951
1482.959961
1474.449951
1464.969971
1473.609985
1500.099976
1494.48999
1496.099976
1480.319946
1506.619995
1518.449951
1507.72998
1517.97998
1558.599976
1547.530029
1581.75
1580.420044
1588.199951
1608.219971
1652.380005
1634.329956
1644.410034
1634.180054
1660.709961
1728.280029
1641.839966
1591.040039
1532.390015
1556.959961
1532.02002
1520.719971
1519.280029
1541.439941
1520.900024
1495.530029
1459.98999
1431.160034
1465.459961
1415.209961
1428.290039
1444.959961
1464.52002
1469.329956